{"filepath": ["full0.npy", "full1.npy", "full2.npy", "full3.npy", "full4.npy", "full5.npy", "full6.npy", "full7.npy", "full8.npy", "full9.npy", "full10.npy", "full11.npy", "full12.npy", "full13.npy", "full14.npy", "full15.npy", "full16.npy", "full17.npy", "full18.npy", "full19.npy"], "R": [[[1.0, -1.7347234759768075e-18, 6.770847460736379e-36], [-1.7347234759768075e-18, -1.0, 7.806255641895633e-18], [-6.770847460736379e-36, -7.806255641895633e-18, -1.0]], [[0.9916520589644043, -0.08348715445620385, -0.09826540079022628], [-0.08046302361139789, -0.9961654404071746, 0.034352833503098784], [-0.10075661657166474, -0.026159326810641825, -0.9945671389292151]], [[0.998485709169117, -0.00495987003133337, -0.054787665348305224], [-0.002756612557715891, -0.9991871632085472, 0.040217085504334074], [-0.054942603435332825, -0.04000515677420295, -0.9976877756889775]], [[0.9826268129162063, 0.10479667537962942, 0.15317376853598516], [0.12808940526476864, -0.9801852548821763, -0.151095897927379], [0.13430432158741892, 0.16809081753903052, -0.9765796568954339]], [[0.9626273833542801, 0.12166409836932593, 0.24196356747343378], [0.17011966370253143, -0.9667995231937311, -0.19067769133832113], [0.2107316322677485, 0.22471432780388845, -0.9513651507394084]], [[0.7680621295536393, 0.24335519128106664, 0.59233336561609], [0.5381732721101655, -0.7465990038591418, -0.391100315293628], [0.3470592086831393, 0.6191673265871617, -0.7044016804034049]], [[0.5207567647212118, 0.04624116286011984, 0.8524518443023283], [0.541491597045645, -0.7898563027012062, -0.2879476886730259], [0.6599994260043367, 0.6115462173380887, -0.4363622139157122]], [[0.5966160749831392, 0.0992346593959442, 0.7963678430513655], [0.4299553054935805, -0.8774194449607492, -0.21277582776878748], [0.6776338940383925, 0.4693480584591161, -0.5661490136625013]], [[0.5750533535341067, -0.1624390587588162, 0.8018274083484097], [0.07187080939857415, -0.9662705171330417, -0.24729713802597506], [0.8149528988509528, 0.19983703337718509, -0.5439824746675526]], [[0.5932167269834268, -0.14413748205594618, 0.7920342802515824], [0.008382488540993868, -0.9826819440129277, -0.18511059072034047], [0.8049991606908237, 0.11644991703537227, -0.5817351357013982]], [[0.6194072747925365, -0.05855401936292132, 0.7828831680081836], [-0.3159956219598793, -0.9314625198617255, 0.1803450609111149], [0.7186664002416365, -0.35909469629791435, -0.5954574747657775]], [[0.6051932125010808, -0.04830592509737107, 0.794611674431674], [-0.2823626906273277, -0.9462856654932184, 0.1575269825260202], [0.7443201505295403, -0.31970295100693746, -0.5863254528272999]], [[0.7710203988196871, -0.12135274164010468, 0.6251408294939313], [-0.4084887212620364, -0.8473465415986405, 0.3393240384094965], [0.48853301751840367, -0.5169887334722616, -0.7028926946960752]], [[0.629860444897051, -0.5371702642621339, 0.5610026088590301], [-0.4704952829382163, -0.8385579232012058, -0.2746903678132309], [0.6179886800637828, -0.09093248390443069, -0.7809105420494679]], [[0.4811748648753511, -0.6376087602358004, 0.6016027080081617], [-0.7662024960771517, -0.6393271054099943, -0.06476563358155712], [0.4259160532514947, -0.42978590153545515, -0.7961655571701316]], [[0.49792494089739936, -0.6333944862905034, 0.5923530855571792], [-0.7524115932708251, -0.6551645541359478, -0.06808965645017886], [0.43121635815908016, -0.411789790719287, -0.8027961264950062]], [[0.19827613101304847, -0.7605848698207383, 0.6182210216987667], [-0.9319701815567316, -0.3416125887054631, -0.12137718042146395], [0.3035097305847194, -0.5520973601075472, -0.7765760416100076]], [[0.21489378364125297, -0.7739946392999815, 0.5956114170222379], [-0.9160709878538897, -0.37116781224503576, -0.1518169963002588], [0.3385773278953351, -0.5129978104126037, -0.7887956893563308]], [[0.19156631099873236, -0.8106203934462117, 0.5533506358715479], [-0.9257685883325069, -0.3364828468462096, -0.172429158308878], [0.3259675894121605, -0.47924301925784957, -0.8149056749989204]], [[0.28878431048284836, -0.788855476227118, 0.5425040641741155], [-0.8838324420438546, -0.437485917073117, -0.16566920882738134], [0.36802695065679975, -0.43164002361827014, -0.8235551308813981]]], "T": [[-2.2204460492503126e-16, 0.0, 0.0], [-15.452610695248568, -0.029836013424312857, 5.214531647995944], [-24.35677210097449, -7.773859058326552, 12.92118865679576], [-27.448719091901054, -19.680066821194412, 20.91921829170904], [-27.130330776858603, -28.99965082761344, 23.26522813165204], [-14.111891834462307, -53.1391849354469, 22.042675284350867], [4.220562589461128, -52.31587249946049, 15.8565718883162], [0.07894142241365332, -54.603716027514075, 14.80815257471589], [0.6813404097095961, -41.56067158510218, 15.597677913106208], [0.33808957739266127, -44.52913631012872, 12.101913190689997], [-1.0473502916136728, -41.7180430231969, 7.728769734450331], [0.1723491480836863, -44.0617325501443, 3.580860465276027], [-5.765944206937588, -39.90789524148302, 3.5995750436815768], [-3.029348246217069, -31.67621828783314, 0.1417997851969025], [-1.483501619093229, -24.006964449615225, -5.518502338279202], [-0.6277920811012759, -22.772153364472352, -6.13758940053183], [6.193368613501777, -0.5224508374018925, -33.94552799940178], [7.877628537997406, -33.110632347001385, -34.52598221598514], [13.513466821568002, -9.605608235325338, -83.04739838248217], [13.135529265804996, -117.03168378733957, -33.03725067327517]], "focal_length": [[3.0, 3.0], [3.0, 3.0], [3.0, 3.0], [3.0, 3.0], [3.0, 3.0], [3.0, 3.0], [3.0, 3.0], [3.0, 3.0], [3.0, 3.0], [3.0, 3.0], [3.0, 3.0], [3.0, 3.0], [3.0, 3.0], [3.0, 3.0], [3.0, 3.0], [3.0, 3.0], [3.0, 3.0], [3.0, 3.0], [3.0, 3.0], [3.0, 3.0]]}